{
 "cells": [
  {
   "cell_type": "code",
   "execution_count": 12,
   "id": "cfab5cd4-8fdd-4ba8-afc8-238c644820d3",
   "metadata": {},
   "outputs": [],
   "source": [
    "import xarray as xr\n",
    "import numpy as np\n",
    "import scipy.stats as ss\n",
    "import seaborn as sns\n",
    "import matplotlib.pyplot as plt\n",
    "%matplotlib inline"
   ]
  },
  {
   "cell_type": "code",
   "execution_count": 3,
   "id": "d0d1b44d-1a65-43a2-a705-6a22aecf31e7",
   "metadata": {},
   "outputs": [],
   "source": [
    "# Define functions\n",
    "def open_ds(bubble, wind, hres, vres):\n",
    "    filepath = (f'/chinook2/stluthi/cm1_output/{bubble}_bubble/{wind}/{hres}dx_{vres}/cm1out_{hres}dx_{vres}.nc')\n",
    "    return xr.open_dataset(filepath)"
   ]
  },
  {
   "cell_type": "code",
   "execution_count": 6,
   "id": "c5877c72-9a3f-4008-9441-41e68555788e",
   "metadata": {},
   "outputs": [],
   "source": [
    "# Get SB NW datasets\n",
    "cm1_3km50dz = open_ds('single', 'no_wind', '3km', '50vlvls')\n",
    "cm1_3km100dz = open_ds('single', 'no_wind', '3km', '100vlvls')\n",
    "cm1_1km50dz = open_ds('single', 'no_wind', '1km', '50vlvls')\n",
    "cm1_1km100dz = open_ds('single', 'no_wind', '1km', '100vlvls')"
   ]
  },
  {
   "cell_type": "code",
   "execution_count": 41,
   "id": "6a34ecb4-98ea-4a27-b9f4-751e75b954a3",
   "metadata": {},
   "outputs": [
    {
     "data": {
      "text/html": [
       "<div><svg style=\"position: absolute; width: 0; height: 0; overflow: hidden\">\n",
       "<defs>\n",
       "<symbol id=\"icon-database\" viewBox=\"0 0 32 32\">\n",
       "<path d=\"M16 0c-8.837 0-16 2.239-16 5v4c0 2.761 7.163 5 16 5s16-2.239 16-5v-4c0-2.761-7.163-5-16-5z\"></path>\n",
       "<path d=\"M16 17c-8.837 0-16-2.239-16-5v6c0 2.761 7.163 5 16 5s16-2.239 16-5v-6c0 2.761-7.163 5-16 5z\"></path>\n",
       "<path d=\"M16 26c-8.837 0-16-2.239-16-5v6c0 2.761 7.163 5 16 5s16-2.239 16-5v-6c0 2.761-7.163 5-16 5z\"></path>\n",
       "</symbol>\n",
       "<symbol id=\"icon-file-text2\" viewBox=\"0 0 32 32\">\n",
       "<path d=\"M28.681 7.159c-0.694-0.947-1.662-2.053-2.724-3.116s-2.169-2.030-3.116-2.724c-1.612-1.182-2.393-1.319-2.841-1.319h-15.5c-1.378 0-2.5 1.121-2.5 2.5v27c0 1.378 1.122 2.5 2.5 2.5h23c1.378 0 2.5-1.122 2.5-2.5v-19.5c0-0.448-0.137-1.23-1.319-2.841zM24.543 5.457c0.959 0.959 1.712 1.825 2.268 2.543h-4.811v-4.811c0.718 0.556 1.584 1.309 2.543 2.268zM28 29.5c0 0.271-0.229 0.5-0.5 0.5h-23c-0.271 0-0.5-0.229-0.5-0.5v-27c0-0.271 0.229-0.5 0.5-0.5 0 0 15.499-0 15.5 0v7c0 0.552 0.448 1 1 1h7v19.5z\"></path>\n",
       "<path d=\"M23 26h-14c-0.552 0-1-0.448-1-1s0.448-1 1-1h14c0.552 0 1 0.448 1 1s-0.448 1-1 1z\"></path>\n",
       "<path d=\"M23 22h-14c-0.552 0-1-0.448-1-1s0.448-1 1-1h14c0.552 0 1 0.448 1 1s-0.448 1-1 1z\"></path>\n",
       "<path d=\"M23 18h-14c-0.552 0-1-0.448-1-1s0.448-1 1-1h14c0.552 0 1 0.448 1 1s-0.448 1-1 1z\"></path>\n",
       "</symbol>\n",
       "</defs>\n",
       "</svg>\n",
       "<style>/* CSS stylesheet for displaying xarray objects in jupyterlab.\n",
       " *\n",
       " */\n",
       "\n",
       ":root {\n",
       "  --xr-font-color0: var(--jp-content-font-color0, rgba(0, 0, 0, 1));\n",
       "  --xr-font-color2: var(--jp-content-font-color2, rgba(0, 0, 0, 0.54));\n",
       "  --xr-font-color3: var(--jp-content-font-color3, rgba(0, 0, 0, 0.38));\n",
       "  --xr-border-color: var(--jp-border-color2, #e0e0e0);\n",
       "  --xr-disabled-color: var(--jp-layout-color3, #bdbdbd);\n",
       "  --xr-background-color: var(--jp-layout-color0, white);\n",
       "  --xr-background-color-row-even: var(--jp-layout-color1, white);\n",
       "  --xr-background-color-row-odd: var(--jp-layout-color2, #eeeeee);\n",
       "}\n",
       "\n",
       "html[theme=dark],\n",
       "body.vscode-dark {\n",
       "  --xr-font-color0: rgba(255, 255, 255, 1);\n",
       "  --xr-font-color2: rgba(255, 255, 255, 0.54);\n",
       "  --xr-font-color3: rgba(255, 255, 255, 0.38);\n",
       "  --xr-border-color: #1F1F1F;\n",
       "  --xr-disabled-color: #515151;\n",
       "  --xr-background-color: #111111;\n",
       "  --xr-background-color-row-even: #111111;\n",
       "  --xr-background-color-row-odd: #313131;\n",
       "}\n",
       "\n",
       ".xr-wrap {\n",
       "  display: block !important;\n",
       "  min-width: 300px;\n",
       "  max-width: 700px;\n",
       "}\n",
       "\n",
       ".xr-text-repr-fallback {\n",
       "  /* fallback to plain text repr when CSS is not injected (untrusted notebook) */\n",
       "  display: none;\n",
       "}\n",
       "\n",
       ".xr-header {\n",
       "  padding-top: 6px;\n",
       "  padding-bottom: 6px;\n",
       "  margin-bottom: 4px;\n",
       "  border-bottom: solid 1px var(--xr-border-color);\n",
       "}\n",
       "\n",
       ".xr-header > div,\n",
       ".xr-header > ul {\n",
       "  display: inline;\n",
       "  margin-top: 0;\n",
       "  margin-bottom: 0;\n",
       "}\n",
       "\n",
       ".xr-obj-type,\n",
       ".xr-array-name {\n",
       "  margin-left: 2px;\n",
       "  margin-right: 10px;\n",
       "}\n",
       "\n",
       ".xr-obj-type {\n",
       "  color: var(--xr-font-color2);\n",
       "}\n",
       "\n",
       ".xr-sections {\n",
       "  padding-left: 0 !important;\n",
       "  display: grid;\n",
       "  grid-template-columns: 150px auto auto 1fr 20px 20px;\n",
       "}\n",
       "\n",
       ".xr-section-item {\n",
       "  display: contents;\n",
       "}\n",
       "\n",
       ".xr-section-item input {\n",
       "  display: none;\n",
       "}\n",
       "\n",
       ".xr-section-item input + label {\n",
       "  color: var(--xr-disabled-color);\n",
       "}\n",
       "\n",
       ".xr-section-item input:enabled + label {\n",
       "  cursor: pointer;\n",
       "  color: var(--xr-font-color2);\n",
       "}\n",
       "\n",
       ".xr-section-item input:enabled + label:hover {\n",
       "  color: var(--xr-font-color0);\n",
       "}\n",
       "\n",
       ".xr-section-summary {\n",
       "  grid-column: 1;\n",
       "  color: var(--xr-font-color2);\n",
       "  font-weight: 500;\n",
       "}\n",
       "\n",
       ".xr-section-summary > span {\n",
       "  display: inline-block;\n",
       "  padding-left: 0.5em;\n",
       "}\n",
       "\n",
       ".xr-section-summary-in:disabled + label {\n",
       "  color: var(--xr-font-color2);\n",
       "}\n",
       "\n",
       ".xr-section-summary-in + label:before {\n",
       "  display: inline-block;\n",
       "  content: '►';\n",
       "  font-size: 11px;\n",
       "  width: 15px;\n",
       "  text-align: center;\n",
       "}\n",
       "\n",
       ".xr-section-summary-in:disabled + label:before {\n",
       "  color: var(--xr-disabled-color);\n",
       "}\n",
       "\n",
       ".xr-section-summary-in:checked + label:before {\n",
       "  content: '▼';\n",
       "}\n",
       "\n",
       ".xr-section-summary-in:checked + label > span {\n",
       "  display: none;\n",
       "}\n",
       "\n",
       ".xr-section-summary,\n",
       ".xr-section-inline-details {\n",
       "  padding-top: 4px;\n",
       "  padding-bottom: 4px;\n",
       "}\n",
       "\n",
       ".xr-section-inline-details {\n",
       "  grid-column: 2 / -1;\n",
       "}\n",
       "\n",
       ".xr-section-details {\n",
       "  display: none;\n",
       "  grid-column: 1 / -1;\n",
       "  margin-bottom: 5px;\n",
       "}\n",
       "\n",
       ".xr-section-summary-in:checked ~ .xr-section-details {\n",
       "  display: contents;\n",
       "}\n",
       "\n",
       ".xr-array-wrap {\n",
       "  grid-column: 1 / -1;\n",
       "  display: grid;\n",
       "  grid-template-columns: 20px auto;\n",
       "}\n",
       "\n",
       ".xr-array-wrap > label {\n",
       "  grid-column: 1;\n",
       "  vertical-align: top;\n",
       "}\n",
       "\n",
       ".xr-preview {\n",
       "  color: var(--xr-font-color3);\n",
       "}\n",
       "\n",
       ".xr-array-preview,\n",
       ".xr-array-data {\n",
       "  padding: 0 5px !important;\n",
       "  grid-column: 2;\n",
       "}\n",
       "\n",
       ".xr-array-data,\n",
       ".xr-array-in:checked ~ .xr-array-preview {\n",
       "  display: none;\n",
       "}\n",
       "\n",
       ".xr-array-in:checked ~ .xr-array-data,\n",
       ".xr-array-preview {\n",
       "  display: inline-block;\n",
       "}\n",
       "\n",
       ".xr-dim-list {\n",
       "  display: inline-block !important;\n",
       "  list-style: none;\n",
       "  padding: 0 !important;\n",
       "  margin: 0;\n",
       "}\n",
       "\n",
       ".xr-dim-list li {\n",
       "  display: inline-block;\n",
       "  padding: 0;\n",
       "  margin: 0;\n",
       "}\n",
       "\n",
       ".xr-dim-list:before {\n",
       "  content: '(';\n",
       "}\n",
       "\n",
       ".xr-dim-list:after {\n",
       "  content: ')';\n",
       "}\n",
       "\n",
       ".xr-dim-list li:not(:last-child):after {\n",
       "  content: ',';\n",
       "  padding-right: 5px;\n",
       "}\n",
       "\n",
       ".xr-has-index {\n",
       "  font-weight: bold;\n",
       "}\n",
       "\n",
       ".xr-var-list,\n",
       ".xr-var-item {\n",
       "  display: contents;\n",
       "}\n",
       "\n",
       ".xr-var-item > div,\n",
       ".xr-var-item label,\n",
       ".xr-var-item > .xr-var-name span {\n",
       "  background-color: var(--xr-background-color-row-even);\n",
       "  margin-bottom: 0;\n",
       "}\n",
       "\n",
       ".xr-var-item > .xr-var-name:hover span {\n",
       "  padding-right: 5px;\n",
       "}\n",
       "\n",
       ".xr-var-list > li:nth-child(odd) > div,\n",
       ".xr-var-list > li:nth-child(odd) > label,\n",
       ".xr-var-list > li:nth-child(odd) > .xr-var-name span {\n",
       "  background-color: var(--xr-background-color-row-odd);\n",
       "}\n",
       "\n",
       ".xr-var-name {\n",
       "  grid-column: 1;\n",
       "}\n",
       "\n",
       ".xr-var-dims {\n",
       "  grid-column: 2;\n",
       "}\n",
       "\n",
       ".xr-var-dtype {\n",
       "  grid-column: 3;\n",
       "  text-align: right;\n",
       "  color: var(--xr-font-color2);\n",
       "}\n",
       "\n",
       ".xr-var-preview {\n",
       "  grid-column: 4;\n",
       "}\n",
       "\n",
       ".xr-var-name,\n",
       ".xr-var-dims,\n",
       ".xr-var-dtype,\n",
       ".xr-preview,\n",
       ".xr-attrs dt {\n",
       "  white-space: nowrap;\n",
       "  overflow: hidden;\n",
       "  text-overflow: ellipsis;\n",
       "  padding-right: 10px;\n",
       "}\n",
       "\n",
       ".xr-var-name:hover,\n",
       ".xr-var-dims:hover,\n",
       ".xr-var-dtype:hover,\n",
       ".xr-attrs dt:hover {\n",
       "  overflow: visible;\n",
       "  width: auto;\n",
       "  z-index: 1;\n",
       "}\n",
       "\n",
       ".xr-var-attrs,\n",
       ".xr-var-data {\n",
       "  display: none;\n",
       "  background-color: var(--xr-background-color) !important;\n",
       "  padding-bottom: 5px !important;\n",
       "}\n",
       "\n",
       ".xr-var-attrs-in:checked ~ .xr-var-attrs,\n",
       ".xr-var-data-in:checked ~ .xr-var-data {\n",
       "  display: block;\n",
       "}\n",
       "\n",
       ".xr-var-data > table {\n",
       "  float: right;\n",
       "}\n",
       "\n",
       ".xr-var-name span,\n",
       ".xr-var-data,\n",
       ".xr-attrs {\n",
       "  padding-left: 25px !important;\n",
       "}\n",
       "\n",
       ".xr-attrs,\n",
       ".xr-var-attrs,\n",
       ".xr-var-data {\n",
       "  grid-column: 1 / -1;\n",
       "}\n",
       "\n",
       "dl.xr-attrs {\n",
       "  padding: 0;\n",
       "  margin: 0;\n",
       "  display: grid;\n",
       "  grid-template-columns: 125px auto;\n",
       "}\n",
       "\n",
       ".xr-attrs dt,\n",
       ".xr-attrs dd {\n",
       "  padding: 0;\n",
       "  margin: 0;\n",
       "  float: left;\n",
       "  padding-right: 10px;\n",
       "  width: auto;\n",
       "}\n",
       "\n",
       ".xr-attrs dt {\n",
       "  font-weight: normal;\n",
       "  grid-column: 1;\n",
       "}\n",
       "\n",
       ".xr-attrs dt:hover span {\n",
       "  display: inline-block;\n",
       "  background: var(--xr-background-color);\n",
       "  padding-right: 10px;\n",
       "}\n",
       "\n",
       ".xr-attrs dd {\n",
       "  grid-column: 2;\n",
       "  white-space: pre-wrap;\n",
       "  word-break: break-all;\n",
       "}\n",
       "\n",
       ".xr-icon-database,\n",
       ".xr-icon-file-text2 {\n",
       "  display: inline-block;\n",
       "  vertical-align: middle;\n",
       "  width: 1em;\n",
       "  height: 1.5em !important;\n",
       "  stroke-width: 0;\n",
       "  stroke: currentColor;\n",
       "  fill: currentColor;\n",
       "}\n",
       "</style><pre class='xr-text-repr-fallback'>&lt;xarray.DataArray &#x27;w&#x27; (time: 17, yh: 300, xh: 300)&gt;\n",
       "array([[[ 0.0000000e+00,  0.0000000e+00,  0.0000000e+00, ...,\n",
       "          0.0000000e+00,  0.0000000e+00,  0.0000000e+00],\n",
       "        [ 0.0000000e+00,  0.0000000e+00,  0.0000000e+00, ...,\n",
       "          0.0000000e+00,  0.0000000e+00,  0.0000000e+00],\n",
       "        [ 0.0000000e+00,  0.0000000e+00,  0.0000000e+00, ...,\n",
       "          0.0000000e+00,  0.0000000e+00,  0.0000000e+00],\n",
       "        ...,\n",
       "        [ 0.0000000e+00,  0.0000000e+00,  0.0000000e+00, ...,\n",
       "          0.0000000e+00,  0.0000000e+00,  0.0000000e+00],\n",
       "        [ 0.0000000e+00,  0.0000000e+00,  0.0000000e+00, ...,\n",
       "          0.0000000e+00,  0.0000000e+00,  0.0000000e+00],\n",
       "        [ 0.0000000e+00,  0.0000000e+00,  0.0000000e+00, ...,\n",
       "          0.0000000e+00,  0.0000000e+00,  0.0000000e+00]],\n",
       "\n",
       "       [[-2.7527305e-05, -2.7527323e-05, -2.7527258e-05, ...,\n",
       "         -2.7527258e-05, -2.7527323e-05, -2.7527305e-05],\n",
       "        [-2.7527323e-05, -2.7527283e-05, -2.7527358e-05, ...,\n",
       "         -2.7527358e-05, -2.7527283e-05, -2.7527323e-05],\n",
       "        [-2.7527258e-05, -2.7527358e-05, -2.7527192e-05, ...,\n",
       "         -2.7527192e-05, -2.7527358e-05, -2.7527258e-05],\n",
       "...\n",
       "        [-2.0210741e-03, -2.0593093e-03, -2.8397888e-03, ...,\n",
       "         -2.8397888e-03, -2.0593093e-03, -2.0210741e-03],\n",
       "        [-2.2468939e-03, -1.7412709e-03, -2.0593093e-03, ...,\n",
       "         -2.0593093e-03, -1.7412709e-03, -2.2468939e-03],\n",
       "        [-1.7350228e-03, -2.2468939e-03, -2.0210741e-03, ...,\n",
       "         -2.0210741e-03, -2.2468939e-03, -1.7350228e-03]],\n",
       "\n",
       "       [[-5.5884058e-03, -5.5406569e-03, -4.9756886e-03, ...,\n",
       "         -4.9756886e-03, -5.5406569e-03, -5.5884058e-03],\n",
       "        [-5.5406569e-03, -5.4633450e-03, -4.8578354e-03, ...,\n",
       "         -4.8578354e-03, -5.4633450e-03, -5.5406569e-03],\n",
       "        [-4.9756886e-03, -4.8578354e-03, -5.3403992e-03, ...,\n",
       "         -5.3403992e-03, -4.8578354e-03, -4.9756886e-03],\n",
       "        ...,\n",
       "        [-4.9756886e-03, -4.8578354e-03, -5.3403992e-03, ...,\n",
       "         -5.3403992e-03, -4.8578354e-03, -4.9756886e-03],\n",
       "        [-5.5406569e-03, -5.4633450e-03, -4.8578354e-03, ...,\n",
       "         -4.8578354e-03, -5.4633450e-03, -5.5406569e-03],\n",
       "        [-5.5884058e-03, -5.5406569e-03, -4.9756886e-03, ...,\n",
       "         -4.9756886e-03, -5.5406569e-03, -5.5884058e-03]]], dtype=float32)\n",
       "Coordinates:\n",
       "  * time     (time) timedelta64[ns] 00:00:00 00:30:00 ... 07:30:00 08:00:00\n",
       "  * xh       (xh) float32 1.5 4.5 7.5 10.5 13.5 ... 889.5 892.5 895.5 898.5\n",
       "  * yh       (yh) float32 1.5 4.5 7.5 10.5 13.5 ... 889.5 892.5 895.5 898.5</pre><div class='xr-wrap' style='display:none'><div class='xr-header'><div class='xr-obj-type'>xarray.DataArray</div><div class='xr-array-name'>'w'</div><ul class='xr-dim-list'><li><span class='xr-has-index'>time</span>: 17</li><li><span class='xr-has-index'>yh</span>: 300</li><li><span class='xr-has-index'>xh</span>: 300</li></ul></div><ul class='xr-sections'><li class='xr-section-item'><div class='xr-array-wrap'><input id='section-02349f33-61a2-43aa-92c1-46c9058bb575' class='xr-array-in' type='checkbox' checked><label for='section-02349f33-61a2-43aa-92c1-46c9058bb575' title='Show/hide data repr'><svg class='icon xr-icon-database'><use xlink:href='#icon-database'></use></svg></label><div class='xr-array-preview xr-preview'><span>0.0 0.0 0.0 0.0 0.0 ... -0.004947 -0.004976 -0.005541 -0.005588</span></div><div class='xr-array-data'><pre>array([[[ 0.0000000e+00,  0.0000000e+00,  0.0000000e+00, ...,\n",
       "          0.0000000e+00,  0.0000000e+00,  0.0000000e+00],\n",
       "        [ 0.0000000e+00,  0.0000000e+00,  0.0000000e+00, ...,\n",
       "          0.0000000e+00,  0.0000000e+00,  0.0000000e+00],\n",
       "        [ 0.0000000e+00,  0.0000000e+00,  0.0000000e+00, ...,\n",
       "          0.0000000e+00,  0.0000000e+00,  0.0000000e+00],\n",
       "        ...,\n",
       "        [ 0.0000000e+00,  0.0000000e+00,  0.0000000e+00, ...,\n",
       "          0.0000000e+00,  0.0000000e+00,  0.0000000e+00],\n",
       "        [ 0.0000000e+00,  0.0000000e+00,  0.0000000e+00, ...,\n",
       "          0.0000000e+00,  0.0000000e+00,  0.0000000e+00],\n",
       "        [ 0.0000000e+00,  0.0000000e+00,  0.0000000e+00, ...,\n",
       "          0.0000000e+00,  0.0000000e+00,  0.0000000e+00]],\n",
       "\n",
       "       [[-2.7527305e-05, -2.7527323e-05, -2.7527258e-05, ...,\n",
       "         -2.7527258e-05, -2.7527323e-05, -2.7527305e-05],\n",
       "        [-2.7527323e-05, -2.7527283e-05, -2.7527358e-05, ...,\n",
       "         -2.7527358e-05, -2.7527283e-05, -2.7527323e-05],\n",
       "        [-2.7527258e-05, -2.7527358e-05, -2.7527192e-05, ...,\n",
       "         -2.7527192e-05, -2.7527358e-05, -2.7527258e-05],\n",
       "...\n",
       "        [-2.0210741e-03, -2.0593093e-03, -2.8397888e-03, ...,\n",
       "         -2.8397888e-03, -2.0593093e-03, -2.0210741e-03],\n",
       "        [-2.2468939e-03, -1.7412709e-03, -2.0593093e-03, ...,\n",
       "         -2.0593093e-03, -1.7412709e-03, -2.2468939e-03],\n",
       "        [-1.7350228e-03, -2.2468939e-03, -2.0210741e-03, ...,\n",
       "         -2.0210741e-03, -2.2468939e-03, -1.7350228e-03]],\n",
       "\n",
       "       [[-5.5884058e-03, -5.5406569e-03, -4.9756886e-03, ...,\n",
       "         -4.9756886e-03, -5.5406569e-03, -5.5884058e-03],\n",
       "        [-5.5406569e-03, -5.4633450e-03, -4.8578354e-03, ...,\n",
       "         -4.8578354e-03, -5.4633450e-03, -5.5406569e-03],\n",
       "        [-4.9756886e-03, -4.8578354e-03, -5.3403992e-03, ...,\n",
       "         -5.3403992e-03, -4.8578354e-03, -4.9756886e-03],\n",
       "        ...,\n",
       "        [-4.9756886e-03, -4.8578354e-03, -5.3403992e-03, ...,\n",
       "         -5.3403992e-03, -4.8578354e-03, -4.9756886e-03],\n",
       "        [-5.5406569e-03, -5.4633450e-03, -4.8578354e-03, ...,\n",
       "         -4.8578354e-03, -5.4633450e-03, -5.5406569e-03],\n",
       "        [-5.5884058e-03, -5.5406569e-03, -4.9756886e-03, ...,\n",
       "         -4.9756886e-03, -5.5406569e-03, -5.5884058e-03]]], dtype=float32)</pre></div></div></li><li class='xr-section-item'><input id='section-68ed77be-65a1-4870-a4e0-dc50bad8ee07' class='xr-section-summary-in' type='checkbox'  checked><label for='section-68ed77be-65a1-4870-a4e0-dc50bad8ee07' class='xr-section-summary' >Coordinates: <span>(3)</span></label><div class='xr-section-inline-details'></div><div class='xr-section-details'><ul class='xr-var-list'><li class='xr-var-item'><div class='xr-var-name'><span class='xr-has-index'>time</span></div><div class='xr-var-dims'>(time)</div><div class='xr-var-dtype'>timedelta64[ns]</div><div class='xr-var-preview xr-preview'>00:00:00 00:30:00 ... 08:00:00</div><input id='attrs-f0c60394-c2cd-4d99-a6fe-e8ae0be635b0' class='xr-var-attrs-in' type='checkbox' ><label for='attrs-f0c60394-c2cd-4d99-a6fe-e8ae0be635b0' title='Show/Hide attributes'><svg class='icon xr-icon-file-text2'><use xlink:href='#icon-file-text2'></use></svg></label><input id='data-30c5c0bc-0fc8-423e-ac91-8a354c2624e8' class='xr-var-data-in' type='checkbox'><label for='data-30c5c0bc-0fc8-423e-ac91-8a354c2624e8' title='Show/Hide data repr'><svg class='icon xr-icon-database'><use xlink:href='#icon-database'></use></svg></label><div class='xr-var-attrs'><dl class='xr-attrs'><dt><span>long_name :</span></dt><dd>time since beginning of simulation</dd><dt><span>axis :</span></dt><dd>T</dd></dl></div><div class='xr-var-data'><pre>array([             0,  1800000000000,  3600000000000,  5400000000000,\n",
       "        7200000000000,  9000000000000, 10800000000000, 12600000000000,\n",
       "       14400000000000, 16200000000000, 18000000000000, 19800000000000,\n",
       "       21600000000000, 23400000000000, 25200000000000, 27000000000000,\n",
       "       28800000000000], dtype=&#x27;timedelta64[ns]&#x27;)</pre></div></li><li class='xr-var-item'><div class='xr-var-name'><span class='xr-has-index'>xh</span></div><div class='xr-var-dims'>(xh)</div><div class='xr-var-dtype'>float32</div><div class='xr-var-preview xr-preview'>1.5 4.5 7.5 ... 892.5 895.5 898.5</div><input id='attrs-c7f73eb0-1f21-4ddb-85e5-31eccfde1856' class='xr-var-attrs-in' type='checkbox' ><label for='attrs-c7f73eb0-1f21-4ddb-85e5-31eccfde1856' title='Show/Hide attributes'><svg class='icon xr-icon-file-text2'><use xlink:href='#icon-file-text2'></use></svg></label><input id='data-3c2fc870-d914-4e30-83e7-5b304928cb0a' class='xr-var-data-in' type='checkbox'><label for='data-3c2fc870-d914-4e30-83e7-5b304928cb0a' title='Show/Hide data repr'><svg class='icon xr-icon-database'><use xlink:href='#icon-database'></use></svg></label><div class='xr-var-attrs'><dl class='xr-attrs'><dt><span>long_name :</span></dt><dd>west-east location of scalar grid points</dd><dt><span>units :</span></dt><dd>km</dd><dt><span>axis :</span></dt><dd>X</dd></dl></div><div class='xr-var-data'><pre>array([  1.5    ,   4.5    ,   7.5    , ..., 892.50006, 895.50006, 898.50006],\n",
       "      dtype=float32)</pre></div></li><li class='xr-var-item'><div class='xr-var-name'><span class='xr-has-index'>yh</span></div><div class='xr-var-dims'>(yh)</div><div class='xr-var-dtype'>float32</div><div class='xr-var-preview xr-preview'>1.5 4.5 7.5 ... 892.5 895.5 898.5</div><input id='attrs-d18fa580-8ccf-4461-8956-d63a7f874aa0' class='xr-var-attrs-in' type='checkbox' ><label for='attrs-d18fa580-8ccf-4461-8956-d63a7f874aa0' title='Show/Hide attributes'><svg class='icon xr-icon-file-text2'><use xlink:href='#icon-file-text2'></use></svg></label><input id='data-3bb60214-f76a-48de-966c-d0f4f8c0a507' class='xr-var-data-in' type='checkbox'><label for='data-3bb60214-f76a-48de-966c-d0f4f8c0a507' title='Show/Hide data repr'><svg class='icon xr-icon-database'><use xlink:href='#icon-database'></use></svg></label><div class='xr-var-attrs'><dl class='xr-attrs'><dt><span>long_name :</span></dt><dd>south-north location of scalar grid points</dd><dt><span>units :</span></dt><dd>km</dd><dt><span>axis :</span></dt><dd>Y</dd></dl></div><div class='xr-var-data'><pre>array([  1.5    ,   4.5    ,   7.5    , ..., 892.50006, 895.50006, 898.50006],\n",
       "      dtype=float32)</pre></div></li></ul></div></li><li class='xr-section-item'><input id='section-aaf0a076-02fa-4dfc-9dae-53cb3ce6dfa5' class='xr-section-summary-in' type='checkbox' disabled ><label for='section-aaf0a076-02fa-4dfc-9dae-53cb3ce6dfa5' class='xr-section-summary'  title='Expand/collapse section'>Attributes: <span>(0)</span></label><div class='xr-section-inline-details'></div><div class='xr-section-details'><dl class='xr-attrs'></dl></div></li></ul></div></div>"
      ],
      "text/plain": [
       "<xarray.DataArray 'w' (time: 17, yh: 300, xh: 300)>\n",
       "array([[[ 0.0000000e+00,  0.0000000e+00,  0.0000000e+00, ...,\n",
       "          0.0000000e+00,  0.0000000e+00,  0.0000000e+00],\n",
       "        [ 0.0000000e+00,  0.0000000e+00,  0.0000000e+00, ...,\n",
       "          0.0000000e+00,  0.0000000e+00,  0.0000000e+00],\n",
       "        [ 0.0000000e+00,  0.0000000e+00,  0.0000000e+00, ...,\n",
       "          0.0000000e+00,  0.0000000e+00,  0.0000000e+00],\n",
       "        ...,\n",
       "        [ 0.0000000e+00,  0.0000000e+00,  0.0000000e+00, ...,\n",
       "          0.0000000e+00,  0.0000000e+00,  0.0000000e+00],\n",
       "        [ 0.0000000e+00,  0.0000000e+00,  0.0000000e+00, ...,\n",
       "          0.0000000e+00,  0.0000000e+00,  0.0000000e+00],\n",
       "        [ 0.0000000e+00,  0.0000000e+00,  0.0000000e+00, ...,\n",
       "          0.0000000e+00,  0.0000000e+00,  0.0000000e+00]],\n",
       "\n",
       "       [[-2.7527305e-05, -2.7527323e-05, -2.7527258e-05, ...,\n",
       "         -2.7527258e-05, -2.7527323e-05, -2.7527305e-05],\n",
       "        [-2.7527323e-05, -2.7527283e-05, -2.7527358e-05, ...,\n",
       "         -2.7527358e-05, -2.7527283e-05, -2.7527323e-05],\n",
       "        [-2.7527258e-05, -2.7527358e-05, -2.7527192e-05, ...,\n",
       "         -2.7527192e-05, -2.7527358e-05, -2.7527258e-05],\n",
       "...\n",
       "        [-2.0210741e-03, -2.0593093e-03, -2.8397888e-03, ...,\n",
       "         -2.8397888e-03, -2.0593093e-03, -2.0210741e-03],\n",
       "        [-2.2468939e-03, -1.7412709e-03, -2.0593093e-03, ...,\n",
       "         -2.0593093e-03, -1.7412709e-03, -2.2468939e-03],\n",
       "        [-1.7350228e-03, -2.2468939e-03, -2.0210741e-03, ...,\n",
       "         -2.0210741e-03, -2.2468939e-03, -1.7350228e-03]],\n",
       "\n",
       "       [[-5.5884058e-03, -5.5406569e-03, -4.9756886e-03, ...,\n",
       "         -4.9756886e-03, -5.5406569e-03, -5.5884058e-03],\n",
       "        [-5.5406569e-03, -5.4633450e-03, -4.8578354e-03, ...,\n",
       "         -4.8578354e-03, -5.4633450e-03, -5.5406569e-03],\n",
       "        [-4.9756886e-03, -4.8578354e-03, -5.3403992e-03, ...,\n",
       "         -5.3403992e-03, -4.8578354e-03, -4.9756886e-03],\n",
       "        ...,\n",
       "        [-4.9756886e-03, -4.8578354e-03, -5.3403992e-03, ...,\n",
       "         -5.3403992e-03, -4.8578354e-03, -4.9756886e-03],\n",
       "        [-5.5406569e-03, -5.4633450e-03, -4.8578354e-03, ...,\n",
       "         -4.8578354e-03, -5.4633450e-03, -5.5406569e-03],\n",
       "        [-5.5884058e-03, -5.5406569e-03, -4.9756886e-03, ...,\n",
       "         -4.9756886e-03, -5.5406569e-03, -5.5884058e-03]]], dtype=float32)\n",
       "Coordinates:\n",
       "  * time     (time) timedelta64[ns] 00:00:00 00:30:00 ... 07:30:00 08:00:00\n",
       "  * xh       (xh) float32 1.5 4.5 7.5 10.5 13.5 ... 889.5 892.5 895.5 898.5\n",
       "  * yh       (yh) float32 1.5 4.5 7.5 10.5 13.5 ... 889.5 892.5 895.5 898.5"
      ]
     },
     "execution_count": 41,
     "metadata": {},
     "output_type": "execute_result"
    }
   ],
   "source": [
    "# Get vertical motion datasets for low-levels\n",
    "vv_3km50dz = cm1_3km50dz['w'][:, 11:20, :, :].max(dim='zf')\n",
    "vv_3km100dz = cm1_3km100dz['w'][:, 11:20, :, :].max(dim='zf')\n",
    "vv_1km50dz = cm1_1km50dz['w'][:, 11:20, :, :].max(dim='zf')\n",
    "vv_1km100dz = cm1_1km100dz['w'][:, 11:20, :, :].max(dim='zf')\n",
    "vv_3km50dz"
   ]
  },
  {
   "cell_type": "code",
   "execution_count": 40,
   "id": "66e7f682-3d2f-4461-b14d-1b9ba6be5dd6",
   "metadata": {
    "tags": []
   },
   "outputs": [
    {
     "ename": "ValueError",
     "evalue": "Per-column arrays must each be 1-dimensional",
     "output_type": "error",
     "traceback": [
      "\u001b[0;31m---------------------------------------------------------------------------\u001b[0m",
      "\u001b[0;31mValueError\u001b[0m                                Traceback (most recent call last)",
      "Input \u001b[0;32mIn [40]\u001b[0m, in \u001b[0;36m<cell line: 2>\u001b[0;34m()\u001b[0m\n\u001b[1;32m      1\u001b[0m \u001b[38;5;66;03m# Calculate CDF and plot\u001b[39;00m\n\u001b[0;32m----> 2\u001b[0m \u001b[43msns\u001b[49m\u001b[38;5;241;43m.\u001b[39;49m\u001b[43mkdeplot\u001b[49m\u001b[43m(\u001b[49m\u001b[43mvv_3km50dz\u001b[49m\u001b[38;5;241;43m.\u001b[39;49m\u001b[43mvalues\u001b[49m\u001b[43m,\u001b[49m\u001b[43m \u001b[49m\u001b[43mcumulative\u001b[49m\u001b[38;5;241;43m=\u001b[39;49m\u001b[38;5;28;43;01mTrue\u001b[39;49;00m\u001b[43m)\u001b[49m\n",
      "File \u001b[0;32m/opt/miniconda3/envs/prod/lib/python3.10/site-packages/seaborn/_decorators.py:46\u001b[0m, in \u001b[0;36m_deprecate_positional_args.<locals>.inner_f\u001b[0;34m(*args, **kwargs)\u001b[0m\n\u001b[1;32m     36\u001b[0m     warnings\u001b[38;5;241m.\u001b[39mwarn(\n\u001b[1;32m     37\u001b[0m         \u001b[38;5;124m\"\u001b[39m\u001b[38;5;124mPass the following variable\u001b[39m\u001b[38;5;132;01m{}\u001b[39;00m\u001b[38;5;124m as \u001b[39m\u001b[38;5;132;01m{}\u001b[39;00m\u001b[38;5;124mkeyword arg\u001b[39m\u001b[38;5;132;01m{}\u001b[39;00m\u001b[38;5;124m: \u001b[39m\u001b[38;5;132;01m{}\u001b[39;00m\u001b[38;5;124m. \u001b[39m\u001b[38;5;124m\"\u001b[39m\n\u001b[1;32m     38\u001b[0m         \u001b[38;5;124m\"\u001b[39m\u001b[38;5;124mFrom version 0.12, the only valid positional argument \u001b[39m\u001b[38;5;124m\"\u001b[39m\n\u001b[0;32m   (...)\u001b[0m\n\u001b[1;32m     43\u001b[0m         \u001b[38;5;167;01mFutureWarning\u001b[39;00m\n\u001b[1;32m     44\u001b[0m     )\n\u001b[1;32m     45\u001b[0m kwargs\u001b[38;5;241m.\u001b[39mupdate({k: arg \u001b[38;5;28;01mfor\u001b[39;00m k, arg \u001b[38;5;129;01min\u001b[39;00m \u001b[38;5;28mzip\u001b[39m(sig\u001b[38;5;241m.\u001b[39mparameters, args)})\n\u001b[0;32m---> 46\u001b[0m \u001b[38;5;28;01mreturn\u001b[39;00m \u001b[43mf\u001b[49m\u001b[43m(\u001b[49m\u001b[38;5;241;43m*\u001b[39;49m\u001b[38;5;241;43m*\u001b[39;49m\u001b[43mkwargs\u001b[49m\u001b[43m)\u001b[49m\n",
      "File \u001b[0;32m/opt/miniconda3/envs/prod/lib/python3.10/site-packages/seaborn/distributions.py:1738\u001b[0m, in \u001b[0;36mkdeplot\u001b[0;34m(x, y, shade, vertical, kernel, bw, gridsize, cut, clip, legend, cumulative, shade_lowest, cbar, cbar_ax, cbar_kws, ax, weights, hue, palette, hue_order, hue_norm, multiple, common_norm, common_grid, levels, thresh, bw_method, bw_adjust, log_scale, color, fill, data, data2, warn_singular, **kwargs)\u001b[0m\n\u001b[1;32m   1734\u001b[0m     fill \u001b[38;5;241m=\u001b[39m shade\n\u001b[1;32m   1736\u001b[0m \u001b[38;5;66;03m# - - - - - - - - - - - - - - - - - - - - - - - - - - - - - - - - - - - - #\u001b[39;00m\n\u001b[0;32m-> 1738\u001b[0m p \u001b[38;5;241m=\u001b[39m \u001b[43m_DistributionPlotter\u001b[49m\u001b[43m(\u001b[49m\n\u001b[1;32m   1739\u001b[0m \u001b[43m    \u001b[49m\u001b[43mdata\u001b[49m\u001b[38;5;241;43m=\u001b[39;49m\u001b[43mdata\u001b[49m\u001b[43m,\u001b[49m\n\u001b[1;32m   1740\u001b[0m \u001b[43m    \u001b[49m\u001b[43mvariables\u001b[49m\u001b[38;5;241;43m=\u001b[39;49m\u001b[43m_DistributionPlotter\u001b[49m\u001b[38;5;241;43m.\u001b[39;49m\u001b[43mget_semantics\u001b[49m\u001b[43m(\u001b[49m\u001b[38;5;28;43mlocals\u001b[39;49m\u001b[43m(\u001b[49m\u001b[43m)\u001b[49m\u001b[43m)\u001b[49m\u001b[43m,\u001b[49m\n\u001b[1;32m   1741\u001b[0m \u001b[43m\u001b[49m\u001b[43m)\u001b[49m\n\u001b[1;32m   1743\u001b[0m p\u001b[38;5;241m.\u001b[39mmap_hue(palette\u001b[38;5;241m=\u001b[39mpalette, order\u001b[38;5;241m=\u001b[39mhue_order, norm\u001b[38;5;241m=\u001b[39mhue_norm)\n\u001b[1;32m   1745\u001b[0m \u001b[38;5;28;01mif\u001b[39;00m ax \u001b[38;5;129;01mis\u001b[39;00m \u001b[38;5;28;01mNone\u001b[39;00m:\n",
      "File \u001b[0;32m/opt/miniconda3/envs/prod/lib/python3.10/site-packages/seaborn/distributions.py:111\u001b[0m, in \u001b[0;36m_DistributionPlotter.__init__\u001b[0;34m(self, data, variables)\u001b[0m\n\u001b[1;32m    105\u001b[0m \u001b[38;5;28;01mdef\u001b[39;00m \u001b[38;5;21m__init__\u001b[39m(\n\u001b[1;32m    106\u001b[0m     \u001b[38;5;28mself\u001b[39m,\n\u001b[1;32m    107\u001b[0m     data\u001b[38;5;241m=\u001b[39m\u001b[38;5;28;01mNone\u001b[39;00m,\n\u001b[1;32m    108\u001b[0m     variables\u001b[38;5;241m=\u001b[39m{},\n\u001b[1;32m    109\u001b[0m ):\n\u001b[0;32m--> 111\u001b[0m     \u001b[38;5;28;43msuper\u001b[39;49m\u001b[43m(\u001b[49m\u001b[43m)\u001b[49m\u001b[38;5;241;43m.\u001b[39;49m\u001b[38;5;21;43m__init__\u001b[39;49m\u001b[43m(\u001b[49m\u001b[43mdata\u001b[49m\u001b[38;5;241;43m=\u001b[39;49m\u001b[43mdata\u001b[49m\u001b[43m,\u001b[49m\u001b[43m \u001b[49m\u001b[43mvariables\u001b[49m\u001b[38;5;241;43m=\u001b[39;49m\u001b[43mvariables\u001b[49m\u001b[43m)\u001b[49m\n",
      "File \u001b[0;32m/opt/miniconda3/envs/prod/lib/python3.10/site-packages/seaborn/_core.py:605\u001b[0m, in \u001b[0;36mVectorPlotter.__init__\u001b[0;34m(self, data, variables)\u001b[0m\n\u001b[1;32m    603\u001b[0m \u001b[38;5;28;01mdef\u001b[39;00m \u001b[38;5;21m__init__\u001b[39m(\u001b[38;5;28mself\u001b[39m, data\u001b[38;5;241m=\u001b[39m\u001b[38;5;28;01mNone\u001b[39;00m, variables\u001b[38;5;241m=\u001b[39m{}):\n\u001b[0;32m--> 605\u001b[0m     \u001b[38;5;28;43mself\u001b[39;49m\u001b[38;5;241;43m.\u001b[39;49m\u001b[43massign_variables\u001b[49m\u001b[43m(\u001b[49m\u001b[43mdata\u001b[49m\u001b[43m,\u001b[49m\u001b[43m \u001b[49m\u001b[43mvariables\u001b[49m\u001b[43m)\u001b[49m\n\u001b[1;32m    607\u001b[0m     \u001b[38;5;28;01mfor\u001b[39;00m var, \u001b[38;5;28mcls\u001b[39m \u001b[38;5;129;01min\u001b[39;00m \u001b[38;5;28mself\u001b[39m\u001b[38;5;241m.\u001b[39m_semantic_mappings\u001b[38;5;241m.\u001b[39mitems():\n\u001b[1;32m    608\u001b[0m \n\u001b[1;32m    609\u001b[0m         \u001b[38;5;66;03m# Create the mapping function\u001b[39;00m\n\u001b[1;32m    610\u001b[0m         map_func \u001b[38;5;241m=\u001b[39m partial(\u001b[38;5;28mcls\u001b[39m\u001b[38;5;241m.\u001b[39mmap, plotter\u001b[38;5;241m=\u001b[39m\u001b[38;5;28mself\u001b[39m)\n",
      "File \u001b[0;32m/opt/miniconda3/envs/prod/lib/python3.10/site-packages/seaborn/_core.py:668\u001b[0m, in \u001b[0;36mVectorPlotter.assign_variables\u001b[0;34m(self, data, variables)\u001b[0m\n\u001b[1;32m    666\u001b[0m \u001b[38;5;28;01melse\u001b[39;00m:\n\u001b[1;32m    667\u001b[0m     \u001b[38;5;28mself\u001b[39m\u001b[38;5;241m.\u001b[39minput_format \u001b[38;5;241m=\u001b[39m \u001b[38;5;124m\"\u001b[39m\u001b[38;5;124mlong\u001b[39m\u001b[38;5;124m\"\u001b[39m\n\u001b[0;32m--> 668\u001b[0m     plot_data, variables \u001b[38;5;241m=\u001b[39m \u001b[38;5;28;43mself\u001b[39;49m\u001b[38;5;241;43m.\u001b[39;49m\u001b[43m_assign_variables_longform\u001b[49m\u001b[43m(\u001b[49m\n\u001b[1;32m    669\u001b[0m \u001b[43m        \u001b[49m\u001b[43mdata\u001b[49m\u001b[43m,\u001b[49m\u001b[43m \u001b[49m\u001b[38;5;241;43m*\u001b[39;49m\u001b[38;5;241;43m*\u001b[39;49m\u001b[43mvariables\u001b[49m\u001b[43m,\u001b[49m\n\u001b[1;32m    670\u001b[0m \u001b[43m    \u001b[49m\u001b[43m)\u001b[49m\n\u001b[1;32m    672\u001b[0m \u001b[38;5;28mself\u001b[39m\u001b[38;5;241m.\u001b[39mplot_data \u001b[38;5;241m=\u001b[39m plot_data\n\u001b[1;32m    673\u001b[0m \u001b[38;5;28mself\u001b[39m\u001b[38;5;241m.\u001b[39mvariables \u001b[38;5;241m=\u001b[39m variables\n",
      "File \u001b[0;32m/opt/miniconda3/envs/prod/lib/python3.10/site-packages/seaborn/_core.py:927\u001b[0m, in \u001b[0;36mVectorPlotter._assign_variables_longform\u001b[0;34m(self, data, **kwargs)\u001b[0m\n\u001b[1;32m    923\u001b[0m         variables[key] \u001b[38;5;241m=\u001b[39m \u001b[38;5;28mgetattr\u001b[39m(val, \u001b[38;5;124m\"\u001b[39m\u001b[38;5;124mname\u001b[39m\u001b[38;5;124m\"\u001b[39m, \u001b[38;5;28;01mNone\u001b[39;00m)\n\u001b[1;32m    925\u001b[0m \u001b[38;5;66;03m# Construct a tidy plot DataFrame. This will convert a number of\u001b[39;00m\n\u001b[1;32m    926\u001b[0m \u001b[38;5;66;03m# types automatically, aligning on index in case of pandas objects\u001b[39;00m\n\u001b[0;32m--> 927\u001b[0m plot_data \u001b[38;5;241m=\u001b[39m \u001b[43mpd\u001b[49m\u001b[38;5;241;43m.\u001b[39;49m\u001b[43mDataFrame\u001b[49m\u001b[43m(\u001b[49m\u001b[43mplot_data\u001b[49m\u001b[43m)\u001b[49m\n\u001b[1;32m    929\u001b[0m \u001b[38;5;66;03m# Reduce the variables dictionary to fields with valid data\u001b[39;00m\n\u001b[1;32m    930\u001b[0m variables \u001b[38;5;241m=\u001b[39m {\n\u001b[1;32m    931\u001b[0m     var: name\n\u001b[1;32m    932\u001b[0m     \u001b[38;5;28;01mfor\u001b[39;00m var, name \u001b[38;5;129;01min\u001b[39;00m variables\u001b[38;5;241m.\u001b[39mitems()\n\u001b[1;32m    933\u001b[0m     \u001b[38;5;28;01mif\u001b[39;00m plot_data[var]\u001b[38;5;241m.\u001b[39mnotnull()\u001b[38;5;241m.\u001b[39many()\n\u001b[1;32m    934\u001b[0m }\n",
      "File \u001b[0;32m/opt/miniconda3/envs/prod/lib/python3.10/site-packages/pandas/core/frame.py:636\u001b[0m, in \u001b[0;36mDataFrame.__init__\u001b[0;34m(self, data, index, columns, dtype, copy)\u001b[0m\n\u001b[1;32m    630\u001b[0m     mgr \u001b[38;5;241m=\u001b[39m \u001b[38;5;28mself\u001b[39m\u001b[38;5;241m.\u001b[39m_init_mgr(\n\u001b[1;32m    631\u001b[0m         data, axes\u001b[38;5;241m=\u001b[39m{\u001b[38;5;124m\"\u001b[39m\u001b[38;5;124mindex\u001b[39m\u001b[38;5;124m\"\u001b[39m: index, \u001b[38;5;124m\"\u001b[39m\u001b[38;5;124mcolumns\u001b[39m\u001b[38;5;124m\"\u001b[39m: columns}, dtype\u001b[38;5;241m=\u001b[39mdtype, copy\u001b[38;5;241m=\u001b[39mcopy\n\u001b[1;32m    632\u001b[0m     )\n\u001b[1;32m    634\u001b[0m \u001b[38;5;28;01melif\u001b[39;00m \u001b[38;5;28misinstance\u001b[39m(data, \u001b[38;5;28mdict\u001b[39m):\n\u001b[1;32m    635\u001b[0m     \u001b[38;5;66;03m# GH#38939 de facto copy defaults to False only in non-dict cases\u001b[39;00m\n\u001b[0;32m--> 636\u001b[0m     mgr \u001b[38;5;241m=\u001b[39m \u001b[43mdict_to_mgr\u001b[49m\u001b[43m(\u001b[49m\u001b[43mdata\u001b[49m\u001b[43m,\u001b[49m\u001b[43m \u001b[49m\u001b[43mindex\u001b[49m\u001b[43m,\u001b[49m\u001b[43m \u001b[49m\u001b[43mcolumns\u001b[49m\u001b[43m,\u001b[49m\u001b[43m \u001b[49m\u001b[43mdtype\u001b[49m\u001b[38;5;241;43m=\u001b[39;49m\u001b[43mdtype\u001b[49m\u001b[43m,\u001b[49m\u001b[43m \u001b[49m\u001b[43mcopy\u001b[49m\u001b[38;5;241;43m=\u001b[39;49m\u001b[43mcopy\u001b[49m\u001b[43m,\u001b[49m\u001b[43m \u001b[49m\u001b[43mtyp\u001b[49m\u001b[38;5;241;43m=\u001b[39;49m\u001b[43mmanager\u001b[49m\u001b[43m)\u001b[49m\n\u001b[1;32m    637\u001b[0m \u001b[38;5;28;01melif\u001b[39;00m \u001b[38;5;28misinstance\u001b[39m(data, ma\u001b[38;5;241m.\u001b[39mMaskedArray):\n\u001b[1;32m    638\u001b[0m     \u001b[38;5;28;01mimport\u001b[39;00m \u001b[38;5;21;01mnumpy\u001b[39;00m\u001b[38;5;21;01m.\u001b[39;00m\u001b[38;5;21;01mma\u001b[39;00m\u001b[38;5;21;01m.\u001b[39;00m\u001b[38;5;21;01mmrecords\u001b[39;00m \u001b[38;5;28;01mas\u001b[39;00m \u001b[38;5;21;01mmrecords\u001b[39;00m\n",
